{
 "cells": [
  {
   "cell_type": "markdown",
   "metadata": {},
   "source": [
    "#### [Nguyễn Trọng Tuấn - 20176898](https://www.facebook.com/ISantaPo)\n",
    "$\\alpha = 0.23 ,\\space \\beta = 0.11$ \n",
    "#### ***Câu 1:***\n",
    "\\begin{align*}\n",
    "P = \n",
    "\\begin{pmatrix}\n",
    "0.5 & 0.3 & 0.2 & 0 \\\\\n",
    "0.23 & 0.47 & 0.2 & 0.1 \\\\\n",
    "0.2 & 0.3 & 0.4 & 0.1 \\\\\n",
    "0 & 0.3 & 0 & 0.7\n",
    "\\end{pmatrix}\n",
    "\\end{align*}\n",
    "\n",
    "*(a) Tính $P(X_2=0|X_0=1)$*  \n",
    "Dễ dàng xác định được $\\alpha =0$  \n",
    "Áp dụng phương trình Chapman-Kolmogorov ta được:\n",
    "\\begin{align*}\n",
    "P(X_2=0|X_0=1) &= P_{10}^{(2)} \\\\\n",
    "            &= \\sum_{r \\in I}P_{1r}P_{r0} \\\\\n",
    "            &= P_{10}P_{00} + P_{11}P_{10} + P_{12}P_{20} + P_{13}P_{30} \\\\\n",
    "            &= 0.2631\n",
    "\\end{align*}\n",
    "\n",
    "*(b) Tính $\\mathbb{P}^{(n)}$ với $n =2,3,4$*  \n",
    "Áp dụng phương trình Chapman-Kolmogorov ta được:  \n",
    "\n",
    "\\begin{align*}\n",
    "\\mathbb{P}^{(2)} &= \\mathbb{P}^2 = \n",
    "    \\begin{bmatrix}\n",
    "    0.359 & 0.351 & 0.24 & 0.05 \\\\\n",
    "    0.2631 & 0.3799 & 0.22 & 0.137 \\\\\n",
    "    0.249 & 0.351 & 0.26 & 0.14 \\\\\n",
    "    0.069 & 0.351 & 0.06 & 0.52\n",
    "    \\end{bmatrix} \\\\\n",
    "    \\\\\n",
    "\\mathbb{P}^{(3)} &= \\mathbb{P}^3 = \n",
    "    \\begin{bmatrix}\n",
    "    0.30823 & 0.35967 & 0.238 & 0.0941 \\\\\n",
    "    0.262927 & 0.364583 & 0.2166 & 0.15589 \\\\\n",
    "    0.25723 & 0.35967 & 0.224 & 0.1591 \\\\\n",
    "    0.12723 & 0.35967 & 0.108 & 0.4051\n",
    "    \\end{bmatrix} \\\\\n",
    "    \\\\\n",
    "\\mathbb{P}^{(4)} &= \\mathbb{P}^4 = \n",
    "    \\begin{bmatrix}\n",
    "    0.2844391 & 0.3611439 & 0.22878 & 0.125637 \\\\\n",
    "    0.25863759 & 0.36197911 & 0.212142 & 0.1672413 \\\\\n",
    "    0.2561391 & 0.3611439 & 0.21298 & 0.169737 \\\\\n",
    "    0.167939 & 0.3611439 & 0.14058 & 0.330337\n",
    "    \\end{bmatrix}\n",
    "\\end{align*}\n",
    "\n",
    "#### ***Câu 2:***\n",
    "\n",
    "![ex2](ex2.png)\n",
    "\n",
    "*(a)* Từ hình vẽ, ta được 2 phân lớp là $\\{0\\}$ và $\\{1,2,3\\}$  \n",
    "*(b)* Chỉ có $\\{0\\}$ là lớp đóng  \n",
    "*(c)* Chỉ có trạng thái $0$ là trạng thái hút\n",
    "\n",
    "#### ***Câu 3:***\n",
    "\\begin{align*}\n",
    "    \\begin{bmatrix}\n",
    "    \\alpha & 1-\\alpha \\\\\n",
    "    1- \\beta & \\beta\n",
    "    \\end{bmatrix}\n",
    "    =\n",
    "    \\begin{bmatrix}\n",
    "    0.23 & 0.77 \\\\\n",
    "    0.89 & 0.11\n",
    "    \\end{bmatrix}\n",
    "\\end{align*}\n",
    "Ta đi tính $P_{11}^{(n)}$  \n",
    "Áp dụng phương trình Chapman-Kolmogorov, ta có:\n",
    "\n",
    "\\begin{align*}\n",
    "P_{11}^{(n+1)} = P_{12}^{(n)}(1-\\beta)+P_{11}^{(n)}\\alpha\n",
    "\\end{align*}\n",
    "Mà $P_{11}^{(n)} + P_{12}^{(n)} = 1$ nên ta thu được phương trình truy hồi cho $P_{11}^{(n+1)}$ như sau:\n",
    "\n",
    "\\begin{align*}\n",
    "P_{11}^{(n+1)} = (1-\\alpha -\\beta)P_{12}^{(n)}+1-\\beta, \\space P_{11}^{(0)} = 1\n",
    "\\end{align*}\n",
    "Từ đây suy ra\n",
    "\n",
    "\\begin{equation}\n",
    "P_{11}^{(n)} = \n",
    "\\begin{cases}\n",
    "\\frac{\\beta-1}{\\alpha+\\beta-2}+\\frac{\\alpha-1}{\\alpha+\\beta-2}(\\alpha+\\beta-1)^n & \\mbox{nếu } \\alpha + \\beta >0 \\\\\n",
    "1 & \\mbox{nếu } \\alpha + \\beta = 0\n",
    "\\end{cases}\n",
    "\\end{equation}\n",
    "Tương tự với $P_{12}^{(n)}, P_{21}^{(n)}$và $P_{22}^{(n)}$, ta được:\n",
    "\n",
    "\\begin{equation}\n",
    "\\mathbb{P}^{(n)} = \n",
    "    \\begin{bmatrix}\n",
    "    \\frac{\\beta-1}{\\alpha+\\beta-2}+\\frac{\\alpha-1}{\\alpha+\\beta-2}(\\alpha+\\beta-1)^n & \\frac{\\alpha-1}{\\alpha+\\beta-2}+\\frac{1-\\alpha}{\\alpha+\\beta-2}(\\alpha+\\beta-1)^n \\\\\n",
    "    \\frac{\\beta-1}{\\alpha+\\beta-2}+\\frac{1-\\beta}{\\alpha+\\beta-2}(\\alpha+\\beta-1)^n & \\frac{\\alpha-1}{\\alpha+\\beta-2}+\\frac{\\beta-1}{\\alpha+\\beta-2}(\\alpha+\\beta-1)^n\n",
    "    \\end{bmatrix}\n",
    "\\end{equation}\n",
    "Ta thay $\\alpha = 0.23, \\beta = 0.11$\n",
    "\n",
    "\\begin{equation}\n",
    "\\mathbb{P}^{(n)} = \n",
    "    \\begin{bmatrix}\n",
    "    \\frac{-0.89}{-1.66}+\\frac{-0.77}{-1.66}(-0.66)^n & \\frac{-0.77}{-1.66}+\\frac{0.77}{-1.66}(-0.66)^n \\\\\n",
    "    \\frac{-0.89}{-1.66}+\\frac{0.89}{-1.66}(-0.66)^n & \\frac{-0.77}{-1.66}+\\frac{-0.89}{-1.66}(-0.66)^n\n",
    "    \\end{bmatrix}\n",
    "\\end{equation}\n",
    "\n",
    "#### ***Câu 4:***\n",
    "\\begin{align*}\n",
    "    \\begin{bmatrix}\n",
    "    \\alpha & 1-\\alpha \\\\\n",
    "    1- \\beta & \\beta\n",
    "    \\end{bmatrix}\n",
    "\\end{align*}\n",
    "\n",
    "*(a)* Ta thấy $Y_n=(X_n,X_{n+1}$ nên không gian trạng thái của $Y_n$ là $\\{(0,0),(0,1),(1,0),(1,1)\\} = \\{0,1,2,3\\}$.  \n",
    "Mặt khác:\n",
    "\n",
    "\\begin{align*}\n",
    "P(Y_n|Y_{n-1}..Y_0) &= P(X_{n+1},X_n|X_n,X_{n-1}..X_0) \\\\\n",
    "                    &= P(X_{n+1},X_n|X_n,X_{n-1}) \\\\\n",
    "                    &= P(Y_{n+1}|Y_n)\n",
    "\\end{align*}\n",
    "Suy ra $Y_n$ có tính Markov. Vậy $Y_n$ là một  xích Markov\n",
    "\n",
    "*(b)*\n",
    "\\begin{align*}\n",
    "    \\begin{bmatrix}\n",
    "    0.23 & 0.77 & 0 & 0 \\\\\n",
    "    0 & 0 & 0.89 & 0.11 \\\\\n",
    "    0.23 & 0.77 & 0 & 0 \\\\\n",
    "    0.89 & 0.11 & 0 & 0\n",
    "    \\end{bmatrix}\n",
    "\\end{align*}\n",
    "\n",
    "#### ***Câu 5:***\n",
    "*(a)* $Y_n=X_n+X_{n+1}$\n",
    "\n",
    "\\begin{align*}\n",
    "P(Y_n|Y_{n-1}..Y_0) &= P(X_{n+1}+X_n|X_n+X_{n-1},X_{n-1}+X_{n-2}..X_0+X_1)\n",
    "\\end{align*}\n",
    "\n",
    "Mà $X_0+X_1,X_1+X_2...X_{n-1} + X_n$ không độc lập với nhau hay là\n",
    "\n",
    "\\begin{align*}\n",
    "P(X_{n+1}+X_n|X_n+X_{n-1},X_{n-1}+X_{n-2}..X_0+X_1) \\neq P(X_{n+1}+X_n|X_n+X_{n-1})\n",
    "\\end{align*}\n",
    "\n",
    "Suy ra $Y_n$ không có tính Markov nên không phải xích Markov\n",
    "\n",
    "*(b)* $Z_n = X_n\\times X_{n+1}$\n",
    "Vì $X_0,X_1..X_n$ đọc lập với nhau nên $X_n\\times X_{n+1} = \\emptyset$ hay là $Z_n$ không tồn tại phân phối ban đầu (không có trạng thái)  \n",
    "Vậy $Z_n$ không phải xích Markov"
   ]
  },
  {
   "cell_type": "code",
   "execution_count": null,
   "metadata": {},
   "outputs": [],
   "source": []
  }
 ],
 "metadata": {
  "kernelspec": {
   "display_name": "Python 3",
   "language": "python",
   "name": "python3"
  },
  "language_info": {
   "codemirror_mode": {
    "name": "ipython",
    "version": 3
   },
   "file_extension": ".py",
   "mimetype": "text/x-python",
   "name": "python",
   "nbconvert_exporter": "python",
   "pygments_lexer": "ipython3",
   "version": "3.7.6"
  }
 },
 "nbformat": 4,
 "nbformat_minor": 4
}
